recess.intercept,recess.slope,ID,flood,duration,percent.change,rise.intercept,rise.slope,Date,maximum,base
7115.969081679742,-3.4125109472914477,AM,1,11,NA,6005.136231800586,14.115539763317654,2022-08-01T06:00:00Z,7974,NA
9465.797616121863,-3.379663551847885,AM,11,29,1.2815640586691792,14877.639504617568,36.036860604625446,2023-12-04T04:00:00Z,17084.66,7488.135139175258
12329.979715512854,-29.976571764711306,AM,3,27,0.7729476246277609,10757.57473146994,13.90462776833848,2022-09-17T14:00:00Z,11670,6582.258741258741
8234.641395331202,-0.9025597847255777,AM,5,23,2.5244018139493556,4959.288655687219,0.581900715807459,2023-02-28T22:00:00Z,11478,3256.7228726789367
9269.761250823422,-13.533392441359986,AM,7,45,1.9218407156073571,10302.691846069916,8.91725908372241,2023-07-04T05:00:00Z,14076,4817.51107266436
8202.628176707347,-3.219534676346434,AM,9,32,1.081393049385137,10060.027640652788,7.725418660660343,2023-09-15T04:00:00Z,18054,8673.998409542744
7352.782270807343,-2.6795563913337688,GB,1,28,0.3699618195534756,6933.545823691056,2.2146997770312606,2022-09-15T23:00:00Z,7405.641880613624,5405.728666969284
6922.969013060996,-0.6373109957985215,GB,3,46,0.33534848396913386,6432.509548355566,-0.08766202528734024,2023-12-26T07:00:00Z,7965.882352941177,5965.395886221192
3604.35533819367,-1.3631527058352737,ID,1,43,0.4290246578696696,3373.1374996515187,2.096318837169355,2022-09-17T08:00:00Z,4494.837,3145.3879926051914
3175.432374829882,-0.15243556920404222,ID,5,151,0.7917946074829323,3388.099285557826,1.416883951493452,2023-10-19T10:00:00Z,4496.1978,2509.3265607692306
3510.6819902524303,-1.4215802903093895,ID,7,44,0.6320413258512221,3476.4565493540977,2.0283225891155965,2023-12-25T22:00:00Z,4421.5722000000005,2709.228087526427
1983.9856420031385,-0.5335422885435877,LF,13,43,0.048236725396287344,2239.8785372360235,2.178723809555156,2022-05-16T10:00:00Z,2839.912378820348,2709.228087526427
2494.976879089044,-0.8521265638663084,LF,2,32,0.8956588652613793,2445.675748150395,3.46560920060592,2022-07-30T22:00:00Z,2934.7631017996464,1548.1493825604493
2361.373246613036,-0.5833675364200592,LF,4,97,1.2310278563557868,2472.461403404533,2.029860066784386,2023-02-28T06:00:00Z,2631,1179.2770728992766
3143.6261021004016,-3.0241333642444648,LF,6,121,2.339585916753016,2611.483786979819,0.5945719146182775,2023-09-22T10:00:00Z,3931.9616666666666,1177.38
1535.9072223492064,-2.710927886014249,LF,8,NA,NA,NA,NA,NA,NA,1177.38
3012.638838449522,-1.3111878937483579,OS,2,56,0.5014285148707518,3103.244996184312,4.077993799635753,2022-09-13T08:00:00Z,3164,2107.3264352331607
1497.1802603286217,0.08983815703051329,OS,4,27,0.487507050192619,1398.1043139492745,0.7577798628385454,2023-03-06T06:00:00Z,2598,1746.5463438735178
4261,NA,OS,6,NA,NA,2501.919095497716,-0.3694751705216275,NA,NA,2165.9671484157866
NA,NA,ID,3,82,0.6873341488997023,3001.583564021562,0.12478187435643097,2023-04-08T14:00:00Z,4406.3964,2611.454525989044
NA,NA,AM,NA,NA,NA,NA,NA,2023-11-20T02:00:00Z,13937.02,NA
NA,NA,GB,NA,NA,NA,NA,NA,2022-10-19T01:00:00Z,7974.377048156517,NA
NA,NA,ID,NA,NA,NA,NA,NA,2022-06-23T17:00:00Z,4495.029294,NA
NA,NA,LF,NA,NA,NA,NA,NA,2022-09-27T02:00:00Z,2474,NA
NA,NA,OS,NA,NA,NA,NA,NA,2023-10-09T20:00:00Z,4499,NA
