ID,flood,recess.intercept,recess.slope,duration,rise.intercept,rise.slope,Date,minimum,base
AM,1,4.514601205857023,0.0025629859845913805,47,-0.07480884428415226,-0.00588169655752994,2022-09-10T22:00:00Z,0,3.8486697247706423
AM,2,3.8437160766504372,0.0010778052834640684,64,2.0611366682098344,-0.025686792881914833,2023-02-27T02:00:00Z,0.02,6.051461440136344
AM,3,0.8440310990338075,0.00931727858990783,50,1.4128741631327906,-0.010195415144701766,2023-06-29T09:00:00Z,0.11,6.416768115942029
AM,4,2.684377099683958,0.0029720404488482806,54,1.4093795931581468,-0.011220432621689844,2023-09-08T05:00:00Z,0.58,5.006770833333333
AM,5,1.2877688402294962,0.008442305228173318,34,-0.05124954909458067,-0.06249206406464182,2023-12-27T20:00:00Z,0,4.721111111111111
AM,6,0.9655010016694437,0.0069101464170733895,115,-0.9771545368418689,-0.002051981646613532,2024-04-11T00:00:00Z,0,3.583417910447761
AM,7,3.8512669149596483,0.0029700402275790487,11,3.8851830985915488,0.003598591549295785,2024-07-16T23:00:00Z,3.35,3.9760416666666667
GB,1,4.539472106052237,0.0014933786556802495,52,4.378854715912698,-0.0013439573680782268,2022-09-15T23:00:00Z,4.03,5.208005665722379
GB,2,4.5315676904794495,6.02606613467309e-4,72,4.611063474351619,-8.363152683501175e-4,2023-08-06T05:00:00Z,3.85,5.862175597159458
GB,3,4.737122306856697,0.0012743302653033246,54,5.602344728513391,-4.6530493142690695e-4,2023-12-26T01:00:00Z,2.93,5.397609104197119
ID,1,5.777150300601207,6.053880215520839e-4,46,5.827036755797009,-7.527266737762496e-4,2023-02-28T08:00:00Z,3.43,6.19382401770891
ID,2,5.6858438599050185,8.459241494729912e-4,133,5.773654042788046,-8.058937305575362e-6,2023-09-10T07:00:00Z,3.9,6.842337662337663
ID,3,4.704228723404256,0.06763352149370389,26,6.290415049049035,-0.0010262060309740107,2024-02-12T08:00:00Z,3.53,6.120375
ID,4,4.060911360473204,0.002909758722911126,56,4.457844109336404,-0.0021914578066464232,2024-04-22T02:00:00Z,2.21,6.1887890625
ID,5,3.436153846153849,0.06637362637362623,24,5.035689490183142,-1.672524981528383e-4,2024-06-16T07:00:00Z,2.99,5.288368055555556
LF,1,3.179669115191989,0.0029002691674143537,75,3.1308500618535655,-8.120057149174171e-4,2022-09-27T01:00:00Z,2.01,3.4766626650660264
LF,2,3.2446944227796766,0.0015309085899848664,97,2.247273774609509,-0.004616060227886439,2023-03-04T07:00:00Z,0.75,5.578416360776088
LF,3,3.6593299858009574,5.658180793275396e-4,157,3.8503131448371724,-3.740688934763062e-4,2023-08-31T02:00:00Z,1.73,5.929464285714285
LF,4,3.481558920907412,8.578306719576425e-4,53,2.7599802762885024,-0.004342056896711023,2023-12-26T03:00:00Z,2.01,4.7323076923076925
LF,5,1.6209897435897476,0.004044329086046872,105,2.816827468149226,-1.396805975873541e-4,2024-06-11T10:00:00Z,0.8,3.2816493055555553
OS,1,1.3354125555399916,0.005414599938830884,53,0.5643373040752387,-0.008976828332245352,2022-09-14T06:00:00Z,0.4,5.048151382823872
OS,2,-0.9308566332218513,0.0114829898109979,19,-0.044172506738543595,-0.06794785500163744,2023-02-24T11:00:00Z,0,5.669450261780105
OS,3,1.6510080051527414,0.012963286713286728,38,1.3687863925479964,-0.005631816715529415,2023-07-16T16:00:00Z,0.2,5.419150556531927
OS,4,2.880759060769927,5.811768665563723e-4,52,0.4113024756332553,-0.017832233896764308,2024-01-08T00:00:00Z,0.11,2.412393533123028
OS,5,0.5769335214247929,0.005470424577284038,101,0.652746230976636,-6.770665338616365e-4,2024-03-28T14:00:00Z,0,5.521927083333333
