ID,flood,recess.intercept,recess.slope,duration,rise.intercept,rise.slope,Date,minimum,base,maximum
AM,1,0.2612644962761935,0.2873896286988333,41,0.26676287725636616,-0.4424943289582849,2022-09-07,0.1,1.3776277191031476,NA
AM,2,-0.3444983976432221,1.1289688914376408,27,-0.3921166176810192,-0.3228233691186423,2023-01-21,NA,6.43195376762877,NA
AM,3,-2.431664267239894,0.931518998032523,56,-1.0738708531277907,-0.8440240914529992,2023-06-22,0.1,11.509105607457778,NA
AM,5,-0.5887487319087036,0.38311561237569675,41,1.2301638938354778,-0.19995179595095014,2024-01-02,0.1,2.1499116414179817,NA
AM,6,0.13563070950152226,0.017820535126035524,87,-0.28248670767695966,-0.15211063885022308,2024-04-11,0.1,8.06622859387693,NA
AM,7,2.421371877872187,NA,10,3.071041514215449,0.013785710528307961,2024-07-23,2.413779561237938,3.114174424863479,NA
GB,1,1.488612990978182,0.04043841483740125,29,1.636860269904937,-0.13886572213073423,2022-09-10,1.1428992401300269,2.5877855332019264,NA
GB,2,1.902427844127881,0.05260806448497948,24,1.8617241259632014,-0.057952031049492744,2023-08-14,0.8237193426794637,7.69675512020263,NA
GB,3,0.9338278252366209,0.23384956540201518,38,-3.4984802653137343,-2.6077501938205567,2023-12-22,0.1494258789697364,4.817470482147263,NA
ID,3,3.017847913145849,0.35681378797920027,27,1.736445120886786,-0.5039535378791543,2024-01-16,0.2624478202330814,2.539647817855058,NA
ID,4,2.6701689120431777,0.6513950941921867,22,2.9049473504501635,-0.6053091452751963,2024-04-03,0.4600302449961417,8.861187005090455,NA
ID,5,-0.20020372701985623,2.186393140085859,17,-0.248980448118625,-1.2732626898253296,2024-06-08,0.1,5.010223732168041,NA
LF,1,2.5521862013187686,0.19798029260619474,35,2.4181981083033,-0.17851215699902584,2022-09-28,0.1,3.3077158341792274,NA
LF,3,2.77729493107711,0.41079459995087064,46,2.1552835047800283,-0.6636388044922688,2023-07-23,1.4163473510308366,15.296030837433204,NA
LF,4,1.0722386049397625,0.10629090400561057,29,1.1796883784869254,-0.24286746117609528,2023-12-16,0.1,0.994476272251046,NA
LF,5,1.4075913819069077,-2.9845493462948283e-4,26,0.3563201502595719,-0.2591206688858539,2024-05-26,NA,4.386063952967879,NA
OS,1,1.4124843086138896,0.06959057885045555,41,1.3384528587113986,-0.32545980784932743,2022-09-25,1.3044600680231788,7.716045048373691,NA
OS,3,0.6911617950412255,0.5119052959089173,21,1.4262326522063185,-0.07355319745558521,2023-07-10,0.8560803004457151,4.414502551846915,NA
OS,4,1.295452525127912,0.03090632960667026,40,0.9501260412690726,-0.11950907942804277,2024-01-30,0.45819528677429,3.382919259616661,NA
OS,5,1.1638490176116023,0.01715723388651685,88,0.9865654191005432,-0.06807119516951589,2024-04-18,0.7416181648066842,2.0805571422747864,NA
LF,NA,NA,NA,NA,NA,NA,2023-02-11,3.454527231287422,NA,NA
OS,NA,NA,NA,NA,NA,NA,2023-02-22,0.41459931109457776,NA,NA
AM,4,NA,NA,NA,NA,NA,NA,NA,21.63103261206013,NA
ID,1,NA,NA,NA,NA,NA,NA,NA,4.4855525833830745,NA
ID,2,NA,NA,NA,NA,NA,NA,NA,4.991508960096703,NA
IU,NA,NA,NA,NA,NA,NA,NA,NA,4.431457353551967,NA
LF,2,NA,NA,NA,NA,NA,NA,NA,5.410622663892188,NA
OS,2,NA,NA,NA,NA,NA,NA,NA,4.5724179454058005,NA
AM,4,25.8367010536071,-1.8117493166416965,24,15.006414063314448,1.0357560757431234,2023-10-03,NA,21.63103261206013,32.81244847946844
ID,1,11.612462642106273,-0.29309331901140256,46,14.647581968107147,0.6161597696077753,2023-03-08,NA,4.4855525833830745,16.502711101613095
ID,2,10.085593322916491,-0.08103138449656556,145,9.963991365339874,0.06910149953114844,2023-08-29,NA,4.991508960096703,13.38077420408096
AM,1,NA,NA,NA,NA,NA,NA,NA,1.3776277191031476,NA
AM,2,NA,NA,NA,NA,NA,NA,NA,6.43195376762877,NA
AM,3,NA,NA,NA,NA,NA,NA,NA,11.509105607457778,NA
AM,5,NA,NA,NA,NA,NA,NA,NA,2.1499116414179817,NA
AM,6,NA,NA,NA,NA,NA,NA,NA,8.06622859387693,NA
AM,7,NA,NA,NA,NA,NA,NA,NA,3.114174424863479,NA
GB,1,NA,NA,NA,NA,NA,NA,NA,2.5877855332019264,NA
GB,2,NA,NA,NA,NA,NA,NA,NA,7.69675512020263,NA
GB,3,NA,NA,NA,NA,NA,NA,NA,4.817470482147263,NA
ID,3,NA,NA,NA,NA,NA,NA,NA,2.539647817855058,NA
ID,4,NA,NA,NA,NA,NA,NA,NA,8.861187005090455,NA
ID,5,NA,NA,NA,NA,NA,NA,NA,5.010223732168041,NA
IU,NA,NA,NA,NA,NA,NA,NA,NA,4.431457353551967,NA
LF,1,NA,NA,NA,NA,NA,NA,NA,3.3077158341792274,NA
LF,2,NA,NA,NA,NA,NA,NA,NA,5.410622663892188,NA
LF,3,NA,NA,NA,NA,NA,NA,NA,15.296030837433204,NA
LF,4,NA,NA,NA,NA,NA,NA,NA,0.994476272251046,NA
LF,5,NA,NA,NA,NA,NA,NA,NA,4.386063952967879,NA
OS,1,NA,NA,NA,NA,NA,NA,NA,7.716045048373691,NA
OS,2,NA,NA,NA,NA,NA,NA,NA,4.5724179454058005,NA
OS,3,NA,NA,NA,NA,NA,NA,NA,4.414502551846915,NA
OS,4,NA,NA,NA,NA,NA,NA,NA,3.382919259616661,NA
OS,5,NA,NA,NA,NA,NA,NA,NA,2.0805571422747864,NA
